tethysext/atcore/tests/files/grass_grid/provo_corrupt.ele
north: 3394349.779184
south: 3386029.779184
west: 412498.377410
rows: 416
cols: 293
[rows 378 to 404 of 416, columns 183 to 243 of 293]
46.904495 47.053802 47.161316 47.560486 47.638325 47.583138 47.547028 47.824379 47.709869 47.831387 46.970821 46.560966 46.190372 46.072269 45.639076 45.933357 45.648804 45.203449 45.317043 45.795040 45.655708 45.851936 45.118179 45.125423 45.132664 45.139908 45.161640 45.168884 46.245453 46.259220 47.177639 47.493301 47.648048 47.445892 47.574402 49.808372 48.262463 47.329437 47.576294 47.357372 47.379627 47.111004 47.352493 48.072235 46.026833 46.689190 45.407917 45.892693 45.652683 45.675346 46.406982 46.578339 46.867859 46.934414 46.937222 45.992607 47.035923 47.058601 47.134579 47.045300 47.054516
46.716511 46.983044 47.163635 47.726170 47.853912 47.628452 47.510918 47.569576 47.579899 47.746010 47.186432 46.727890 46.298847 46.049339 45.719921 45.824715 45.645489 45.221897 45.240345 45.476048 45.702335 45.735115 45.806553 46.017918 46.094254 46.704128 46.903141 47.094746 47.252571 46.272991 46.286762 46.467258 46.596500 46.616299 46.661514 46.706734 46.751949 46.797165 46.873981 46.777157 46.680332 46.506832 46.323517 46.104633 45.752941 45.451336 45.429626 45.853008 45.630020 45.660103 46.267235 46.361320 46.502201 46.507633 46.698078 46.015270 46.037930 46.060593 46.736912 46.671310 46.627174
46.673752 46.972408 47.092350 47.402782 47.626190 47.516838 47.475883 47.559254 47.590221 47.669838 47.529419 46.920120 46.354660 46.051521 45.720093 45.795334 45.665665 45.538433 45.258789 45.277237 45.716732 45.722935 45.764778 45.927498 46.484573 46.622540 46.961590 47.219994 47.242603 47.160709 46.845680 47.070934 47.232693 47.236397 47.124603 47.008377 47.067299 47.095806 47.057140 46.949207 46.954189 46.758263 46.860302 47.237709 46.004589 45.490845 45.530354 45.569859 45.599941 45.738541 46.005596 46.790478 47.058949 46.923866 46.766090 48.255424 47.196339 46.083256 47.274540 46.173901 46.196564
46.708729 47.010128 47.178699 47.188145 47.628716 47.437241 47.377029 47.566555 47.786644 47.620159 47.700497 47.077923 46.501690 46.204426 45.897560 45.744308 45.702576 45.641613 45.485466 45.295685 45.720093 45.720093 45.767399 45.980438 46.393696 46.751331 47.064449 47.326199 47.435192 47.304596 47.139267 47.219898 47.367935 47.650078 47.465454 47.108627 47.268978 47.330879 47.210522 47.238346 47.264790 47.134342 47.093197 47.206116 47.477612 45.947945 46.110168 45.912151 45.639992 45.680042 45.956482 46.749981 46.924397 46.859287 46.930050 47.094013 47.257973 46.105915 46.128578 46.151237 46.708656
46.763531 47.060154 47.302059 47.197586 47.681335 47.363636 47.318047 47.584003 48.021507 47.576279 47.833363 47.228546 46.669998 46.392929 46.116913 45.714252 45.708416 45.756828 45.574551 45.314129 45.720093 45.720093 45.781898 46.067001 46.194630 46.930595 47.178612 47.427681 47.671535 47.349167 47.383133 47.276184 47.400372 48.028854 47.845020 47.229385 47.472740 47.558666 47.364506 47.524849 47.592190 47.546852 47.267208 46.925369 49.244194 46.090569 46.248848 45.939831 45.720093 45.720093 45.810024 46.287773 46.730133 46.794712 47.240799 47.329239 47.355259 47.422092 47.409821 47.444233 46.790951
46.973965 47.192604 47.247402 47.207031 47.618080 47.345829 47.272457 47.542171 47.552380 47.562588 47.879051 47.419682 46.945511 46.350201 46.088963 45.720093 45.720093 45.700375 45.592365 45.332577 45.720093 45.720093 45.773632 46.013447 46.566795 46.859978 47.289330 47.542305 47.456261 47.629047 47.591938 47.437241 47.418808 47.419140 47.419472 47.735371 47.489071 47.279003 47.061775 47.108784 47.199947 46.988388 46.844139 46.757862 46.535431 46.313000 46.190052 45.933243 45.720093 45.720093 45.811832 47.522354 48.294704 46.675598 47.178757 47.481201 47.584259 47.591938 47.633919 46.845814 46.818382
47.038620 47.171921 47.244095 47.211235 47.661205 47.226643 47.241413 47.548897 47.548897 47.548897 47.646618 47.488682 47.266022 46.621986 46.242981 45.881073 45.792652 45.712719 45.672634 45.567715 45.595516 45.767410 45.879208 46.015411 46.435375 47.018135 47.134705 47.284176 47.370220 47.551422 47.510319 47.473778 47.545448 47.559238 47.462612 47.505756 47.555435 47.543709 47.014763 46.967754 47.450104 47.413658 46.450645 46.403637 46.262608 46.215595 46.168587 45.923508 45.720093 45.720093 45.845188 46.210361 46.437374 46.556484 47.092724 47.255928 47.174980 46.928104 46.900673 46.873241 47.132702
46.973145 47.100586 47.244095 47.240162 47.314541 47.211876 47.256180 47.548897 47.548897 47.548897 47.562157 47.540726 47.442974 46.865032 46.393955 46.098026 45.930641 45.785583 45.736530 45.901112 45.623318 45.651119 46.046726 46.244427 46.551800 47.235676 47.394627 47.519390 47.544636 47.549305 47.546856 47.546402 47.546749 47.548897 47.548897 47.548897 47.548897 47.546371 47.539417 46.920746 47.557549 47.495163 46.497658 46.356625 46.309616 47.235550 46.353947 46.007580 46.096497 46.077309 45.948586 46.165340 46.647888 47.141171 47.244095 47.250103 47.147549 46.955536 47.278160 47.435112 47.202190
46.750832 46.943005 47.244095 47.244095 47.326363 47.129017 47.151184 47.548897 47.548897 47.548897 47.548897 47.548897 47.498676 47.157967 46.533348 46.360012 46.134090 45.945324 45.920021 46.049156 45.860077 46.070370 46.257370 46.354076 46.739552 47.376377 47.475319 47.548897 47.548897 47.548897 47.548897 47.548897 47.548897 47.548897 47.548897 47.548897 47.548897 47.500961 46.826725 46.873734 47.366032 47.335064 46.544666 47.169640 46.358227 47.177769 46.544964 46.343014 46.341251 46.336937 46.177040 46.470070 46.911495 47.034325 47.244095 47.244095 47.120117 46.982964 47.260052 47.346554 47.277225
46.499367 46.769424 47.244095 47.244095 47.394341 47.033924 47.004803 47.548897 47.548897 47.548897 47.548897 47.548897 47.531765 47.459888 46.671043 46.631130 46.349998 46.120888 46.123947 46.167728 46.705414 46.579414 46.476704 46.446537 46.942081 47.505238 47.530277 47.548897 47.548897 47.548897 47.548897 47.548897 47.548897 47.166363 47.123402 47.548897 47.548897 47.444790 46.779716 46.732704 46.685696 46.638687 46.591675 47.070988 46.406837 47.092155 46.739830 46.390156 46.568123 46.604233 46.889877 47.295609 46.957008 47.046593 47.187325 47.244095 47.092690 47.010395 47.248558 47.264965 47.244095
46.210392 46.180965 46.290874 46.640450 47.214977 46.952477 46.992435 47.548897 47.548897 47.548897 47.548897 47.548897 46.916946 46.906380 47.146442 46.573822 46.454605 46.359150 46.363331 46.551678 46.963661 46.771538 46.624123 46.700508 46.930332 47.210552 47.404598 47.516678 47.548466 47.548683 47.548897 47.295246 47.252285 47.209324 47.080441 47.037479 46.994518 46.951557 46.822678 47.279289 47.348232 47.473236 47.216469 46.892944 46.455448 46.950886 46.857594 46.437302 46.647057 46.639889 46.712387 46.856358 46.919037 46.994701 47.078640 47.188763 47.065258 47.037827 47.238171 47.244095 47.244095
45.896095 45.817009 46.150425 46.378716 46.853329 46.769207 46.891712 47.373131 47.548897 47.548897 47.548897 47.548897 46.927513 46.895809 46.885242 46.874676 46.856216 46.834019 46.782467 46.977295 47.066803 47.048912 47.004753 46.859600 46.989464 47.333832 47.457176 47.548897 47.548252 47.582550 47.548897 47.338207 47.381168 47.424129 47.467091 47.510052 47.633690 46.908600 46.865639 47.210346 47.417171 47.544979 46.795723 46.844334 46.504059 46.552670 46.740250 46.484444 46.653252 46.643635 46.723698 46.836742 46.888699 46.907726 47.016109 47.105545 47.133961 47.142857 47.162586 47.221123 47.244095
45.427055 45.558517 45.801308 46.243301 46.699272 46.652172 46.796356 47.279270 47.548897 47.548897 47.548897 47.548897 46.938080 46.948647 46.959213 47.210926 47.208332 47.205692 47.201859 47.217712 47.254368 47.199493 47.008549 46.934074 47.086266 47.191299 47.582897 47.444889 47.525398 47.548897 47.548897 47.548897 47.548897 47.548897 47.548897 47.573402 47.821453 47.806427 46.934578 47.141403 47.486115 47.513134 46.747112 46.698502 46.649891 46.601280 46.926678 46.625874 46.631310 46.649109 46.746395 46.815048 46.869675 46.926750 46.952465 47.011700 47.040806 47.055389 47.105869 47.173630 47.229660
45.295597 45.689976 45.980080 46.156040 46.557377 46.640617 46.857792 47.305183 47.548897 47.548897 47.548897 47.548897 47.544136 47.524300 46.969780 47.244095 47.244095 47.244095 47.244095 47.244095 47.244095 47.244095 47.244038 47.205597 47.061443 47.052177 47.693787 47.303265 47.502380 47.548897 47.548897 47.548897 47.548897 47.548897 47.548897 47.608360 47.478985 47.441360 47.003521 47.526577 0.000000 0.000000 0.000000 0.000000 0.000000 0.000000 46.719421 46.673016 46.634716 46.650433 46.721832 46.774681 46.833134 46.906082 46.930054 46.918186 46.947380 46.986008 47.051147 47.119682 47.198185
45.455074 45.810394 45.896500 46.213875 46.549206 46.653824 46.887333 47.337769 47.548897 47.548897 47.572929 47.534088 47.001484 46.990917 46.980350 47.054321 47.064888 47.244095 47.244095 47.244095 47.244095 47.238869 47.082989 47.028042 46.973095 46.920849 47.020016 47.161640 47.931263 47.548897 47.548897 47.548897 47.548897 47.548897 47.548897 47.516663 47.497822 47.554222 0.000000 0.000000 0.000000 0.000000 0.000000 0.000000 0.000000 0.000000 0.000000 0.000000 46.634605 46.638062 46.679359 46.737141 46.794754 46.820408 46.845589 46.898602 46.925941 46.929710 47.009281 47.093826 47.176617
45.831314 45.839096 45.867798 46.041012 46.608631 46.673351 46.891140 47.366497 47.548897 47.548897 47.609409 47.511608 47.012051 47.022617 47.033184 47.043751 47.075455 47.244095 47.244095 47.244095 47.244095 47.244095 47.233753 47.114143 46.918148 46.821682 47.205135 47.293774 47.555096 47.366634 47.493977 47.548897 47.548897 47.548897 47.535435 47.535500 47.548897 47.551479 0.000000 0.000000 0.000000 0.000000 0.000000 0.000000 0.000000 0.000000 0.000000 0.000000 46.634495 46.635269 46.650082 46.698887 46.740925 46.751347 46.767666 46.832104 46.927467 46.946560 47.114918 47.103611 47.113396
46.569904 46.221458 46.387444 46.214230 46.615150 46.621670 47.079426 47.377361 47.547863 47.548897 47.637321 47.494411 47.354408 47.224579 47.226704 47.244095 47.086021 47.096588 47.107155 47.117722 47.128288 47.138859 47.149426 47.209641 47.050106 46.736977 47.112442 47.503162 47.922333 47.239288 47.327854 47.548817 47.548897 47.546429 47.443295 47.348934 47.381798 47.399174 0.000000 0.000000 0.000000 0.000000 0.000000 0.000000 0.000000 0.000000 0.000000 0.000000 46.634495 46.634495 46.637344 46.656166 46.676521 46.670368 46.700432 46.780903 46.867027 46.944851 47.074165 47.169624 47.123180
46.585026 46.524235 46.669712 46.758125 46.922546 46.628189 47.075222 47.357391 47.514587 47.631420 47.308842 47.259590 47.220325 47.222450 47.282967 47.033466 47.150238 47.279053 47.483418 47.358673 47.296318 47.361275 47.159992 47.170559 47.133415 46.664669 47.287468 47.107765 47.239292 47.182259 47.255089 47.484238 47.484550 47.518135 47.393909 47.338230 47.379082 47.260101 0.000000 0.000000 0.000000 0.000000 0.000000 0.000000 0.000000 0.000000 0.000000 0.000000 46.634495 46.634495 46.634495 46.636032 46.639160 46.654762 46.677597 46.704243 46.817947 46.942261 47.029385 47.184700 47.132961
46.537437 46.741840 46.880623 46.905495 47.193569 46.634708 47.139973 47.290173 47.575542 47.297417 47.139656 46.686867 46.693386 46.751804 46.799923 46.916695 47.187355 47.252880 47.299355 47.421028 47.233963 47.480194 47.495529 47.181126 47.138794 46.592361 46.520058 46.447746 46.928406 47.054768 47.212505 47.292324 47.297897 47.133289 47.146168 47.159050 47.171928 47.184811 47.197693 47.373055 0.000000 0.000000 0.000000 0.000000 0.000000 0.000000 0.000000 0.000000 0.000000 0.000000 0.000000 0.000000 0.000000 0.000000 0.000000 0.000000 0.000000 0.000000 0.000000 0.000000 0.000000
46.668911 46.920101 47.045601 47.073772 47.199150 46.641228 46.647747 46.654266 46.654716 46.654865 46.673828 46.680347 46.699905 46.767845 46.783882 47.064346 47.163074 47.246754 47.257442 47.342354 47.223396 47.212830 47.202263 47.191692 47.385262 47.065369 47.519257 46.375443 46.452549 46.803776 47.177170 47.244896 47.245224 47.120407 47.107529 47.094646 47.081764 47.068886 47.210571 47.372707 0.000000 0.000000 0.000000 0.000000 0.000000 0.000000 0.000000 0.000000 0.000000 0.000000 0.000000 0.000000 0.000000 0.000000 0.000000 0.000000 0.000000 0.000000 0.000000 0.000000 0.000000
46.880047 47.083889 47.193699 47.257412 47.087822 47.022388 47.029720 46.654415 46.654568 46.655014 47.025013 46.886475 46.792931 46.995960 46.912178 46.946262 47.109852 47.081894 47.104500 47.320950 47.432411 47.513599 47.392132 47.545231 47.404224 47.209476 47.641087 46.298332 46.221226 46.547821 46.947182 47.244095 47.233971 47.133842 47.052662 47.163536 47.219299 47.056004 47.223454 47.236332 47.237858 47.239044 0.000000 0.000000 0.000000 0.000000 0.000000 0.000000 0.000000 0.000000 0.000000 0.000000 0.000000 0.000000 0.000000 0.000000 0.000000 0.000000 0.000000 0.000000 0.000000
46.773212 47.027866 47.265247 47.288307 46.966007 46.972481 46.954090 46.892456 46.871784 46.655167 46.655315 46.950928 46.973770 46.964314 46.938248 46.968868 46.991474 47.059288 47.127106 47.149708 47.654896 47.486252 47.398113 47.551086 47.533585 47.356323 47.546143 46.603584 46.167484 46.270302 46.533085 46.811932 46.804432 46.737278 46.618038 46.497604 46.668739 47.043125 47.244095 47.244095 47.244095 47.244095 0.000000 0.000000 0.000000 0.000000 0.000000 0.000000 0.000000 0.000000 0.000000 0.000000 0.000000 0.000000 0.000000 0.000000 0.000000 0.000000 0.000000 0.000000 0.000000
46.937489 46.996571 47.160480 46.942921 46.939877 46.939816 46.939644 46.939259 46.947350 46.655613 46.655464 46.890526 46.952286 47.055248 46.976742 47.167835 47.014076 47.036682 47.244095 47.172314 47.194920 47.211311 47.547283 47.548897 47.558624 47.339298 47.572411 46.513020 46.113743 46.101490 46.314434 46.470684 46.405453 46.303360 46.206379 46.222481 46.352993 46.438114 46.860611 47.037590 47.206799 47.244095 0.000000 0.000000 0.000000 0.000000 0.000000 0.000000 0.000000 0.000000 0.000000 0.000000 0.000000 0.000000 0.000000 0.000000 0.000000 0.000000 0.000000 0.000000 0.000000
47.076694 47.012627 47.226868 47.182121 47.262188 47.067348 46.939293 46.939293 46.941029 46.655762 47.033848 47.188847 47.308781 47.205837 47.144550 47.465939 47.371853 47.311405 47.277752 47.293228 47.571342 47.227703 47.357239 47.303844 46.866856 46.844933 47.454906 46.807747 46.468937 46.089237 46.076984 46.064732 46.129871 46.077381 46.051136 46.127560 46.195854 46.274239 46.634388 46.889271 46.988705 47.091141 0.000000 0.000000 0.000000 0.000000 0.000000 0.000000 0.000000 0.000000 0.000000 0.000000 0.000000 0.000000 0.000000 0.000000 0.000000 0.000000 0.000000 0.000000 0.000000
47.230629 47.195946 47.406498 47.245537 47.322197 47.110542 46.962551 46.939293 46.939293 46.655910 47.136608 47.279961 47.385056 47.229343 47.439430 47.417088 47.364014 47.345062 47.585979 47.256618 47.244095 47.244095 47.244095 46.910709 46.888783 46.823006 47.354568 46.914787 46.339291 46.178944 46.089085 46.052479 46.024891 46.024891 46.024891 46.056011 46.117466 46.352627 46.596832 46.946747 47.093338 47.133694 0.000000 0.000000 0.000000 0.000000 0.000000 0.000000 0.000000 0.000000 0.000000 0.000000 0.000000 0.000000 0.000000 0.000000 0.000000 0.000000 0.000000 0.000000 0.000000
47.389515 47.435585 47.623760 47.247223 47.291912 47.124477 46.993668 46.939293 46.939293 46.656059 46.959488 46.999290 47.039097 47.078899 47.215248 47.271992 47.328732 47.424862 47.368782 47.312698 47.321663 47.244095 47.244095 46.932636 46.954559 46.801079 46.735302 46.713379 46.691452 46.361240 46.215321 46.114525 46.033588 46.069775 46.098492 46.120003 46.261887 46.547123 46.641121 47.081928 47.244095 47.244095 0.000000 0.000000 0.000000 0.000000 0.000000 0.000000 0.000000 0.000000 0.000000 0.000000 0.000000 0.000000 0.000000 0.000000 0.000000 0.000000 0.000000 0.000000 0.000000
47.410618 47.533772 47.514904 47.473362 47.571392 47.182980 46.975544 46.957417 46.939293 46.656212 46.656361 47.131145 47.218281 47.118706 47.158508 0.000000 0.000000 0.000000 0.000000 0.000000 0.000000 47.284454 47.244095 46.998413 46.976486 46.779156 46.757229 47.317329 46.742275 46.596031 46.309223 46.271969 46.228790 46.258675 46.270977 46.185291 46.465527 46.831646 46.951138 47.009899 47.244095 47.244095 0.000000 0.000000 0.000000 0.000000 0.000000 0.000000 0.000000 0.000000 0.000000 0.000000 0.000000 0.000000 0.000000 0.000000 0.000000 0.000000 0.000000 0.000000 0.000000
