tethysext/atcore/tests/files/grass_grid/provo_corrupt.ele
north: 3394349.779184
south: 3386029.779184
west: 412498.377410
rows: 416
cols: 293
[rows 324 to 350 of 416, columns 183 to 243 of 293]
47.548897 47.548897 47.304920 47.284939 47.224998 47.548897 47.519444 47.447636 47.505043 47.556320 47.464195 47.377415 47.297009 47.256912 47.309402 47.153728 46.396976 45.819542 45.793644 45.771156 45.748672 46.632408 46.717442 46.832390 46.919979 47.003666 47.056847 47.189926 47.548897 47.388012 47.507523 47.615112 47.729660 47.853695 47.853695 47.853695 47.853695 47.853695 47.853695 47.845165 47.881706 47.994598 48.077564 48.104500 48.115349 47.717602 48.020325 48.036701 48.025166 47.869160 47.835476 47.804188 47.793201 47.782314 47.771511 47.761066 47.849274 47.774193 47.711887 47.688602 47.694988
47.548897 47.548897 47.548897 47.185036 47.205017 47.548897 47.482590 47.320919 47.450169 47.565613 47.271271 47.249577 47.246838 47.246635 47.457020 47.336559 46.477013 45.845440 46.294277 45.703701 45.726185 46.602150 46.625462 46.929852 46.921886 46.991875 47.050583 47.188213 47.207596 47.427849 47.467686 47.567799 47.665783 47.853695 47.853695 47.853695 47.853695 47.820610 47.827553 47.834492 47.954094 48.111969 48.215508 48.224411 48.244953 47.741943 48.228848 48.265717 48.239742 47.883373 47.876904 47.916756 47.930748 47.938988 47.925995 47.880116 47.903835 47.912643 47.908195 47.863434 47.877808
47.144100 47.165054 47.165054 47.165054 47.206181 47.250095 47.307796 47.205765 47.182686 47.162067 47.209023 47.227886 47.244095 47.246433 47.261662 47.125484 46.985630 45.863941 45.882442 45.681217 45.658730 46.642914 46.673386 46.854374 46.896130 47.086296 47.198906 47.337673 47.226978 47.246361 47.538574 47.560787 47.618904 47.759369 47.853695 47.853695 47.853695 47.813667 47.792843 47.785900 47.993000 48.011757 48.046776 48.107456 48.162563 48.145664 48.170544 48.163960 48.147842 48.093655 47.853695 47.853695 47.853695 47.854336 47.857388 47.864136 47.856911 47.858521 47.868080 47.876469 47.884651
47.026676 47.166286 46.319508 46.277218 47.247303 47.239605 47.218498 47.157810 47.035591 47.130299 47.109924 47.007244 46.974541 47.117596 47.001080 46.965298 46.929512 45.993454 45.546303 45.568790 45.636246 46.141468 46.159969 46.640179 46.881027 47.202103 47.226185 47.307095 47.285130 47.265747 47.542015 47.545456 47.554943 47.587978 47.659389 47.834442 47.845993 47.806725 47.799786 47.778961 47.772018 47.854221 47.872292 47.900780 47.975109 48.046841 48.158497 48.158497 48.159592 48.178928 47.969284 47.861969 47.857349 47.853695 47.853695 47.853695 47.855305 47.853695 47.853695 47.853699 47.820858
46.951916 46.968590 46.361794 46.234928 47.202274 47.072720 46.982658 46.967587 46.940887 46.964325 46.961910 46.949745 46.941833 46.962833 46.949337 47.002274 46.893730 45.501331 45.523819 45.591274 45.613762 46.196976 46.178474 46.637608 46.895287 47.107536 47.185856 47.307095 47.304512 47.323895 47.343277 47.362659 47.382046 47.558670 47.611637 47.851414 47.852783 47.853695 47.853695 47.853695 47.765076 47.855057 47.857567 47.861534 47.865959 48.067291 48.158497 48.158497 48.158497 48.163357 48.100140 48.005379 47.930351 47.868061 47.853695 47.853695 47.853695 47.853695 47.853695 47.853695 47.853695
46.761810 46.446369 46.404079 46.192642 47.021309 46.973972 46.941872 46.939293 46.939293 46.939293 46.939293 46.939293 46.939293 46.939293 46.939293 46.976994 45.456364 45.478848 46.048962 46.067463 46.085964 46.215477 46.233978 46.252480 46.270981 47.144855 47.201771 47.300419 47.517006 47.548897 47.548897 47.420811 47.401428 47.559231 47.773666 47.853695 47.853695 47.853695 47.853695 47.853695 47.758137 47.853695 47.853695 47.857113 47.870380 48.036102 48.158497 48.158497 48.158497 48.157349 48.156773 48.067448 47.972530 47.890057 47.853695 47.853695 47.853695 47.853695 47.853695 47.853695 47.853695
46.592831 46.488659 46.939293 46.150352 46.813923 46.886284 46.935349 46.939293 46.939293 46.939293 46.939293 46.939293 46.939293 46.939293 46.939293 46.940407 45.433876 45.411392 46.634495 46.634495 46.474503 46.456001 46.437500 47.048195 46.289482 47.203888 47.226948 47.292500 47.479198 47.548897 47.548897 47.440193 47.548897 47.566963 47.976032 47.853695 47.853695 47.853695 47.853695 47.744251 47.751194 47.853695 47.853695 47.861164 47.914703 47.995861 48.158497 48.158497 48.158497 48.157921 48.200241 48.116360 47.959240 47.913673 47.853695 47.853695 47.853695 47.853695 47.853695 47.853695 47.853695
46.702381 46.530945 46.665119 46.108067 46.939293 44.984169 45.006657 46.937180 46.926804 46.791981 46.744366 46.849216 46.939293 46.939293 45.321449 45.343933 45.366421 45.388905 46.975990 46.847366 46.493004 46.400494 46.418999 46.326488 46.307987 46.783142 47.047508 47.295193 47.492046 47.548897 47.548897 47.459576 47.478958 47.498344 47.517727 47.677246 47.727489 47.785900 47.853695 47.737312 47.730370 47.723427 47.716488 47.709545 47.818367 47.911278 48.158497 48.158497 48.158497 48.160145 48.164368 48.050377 48.004810 0.000000 0.000000 0.000000 0.000000 0.000000 0.000000 0.000000 0.000000
46.628105 46.573231 46.615520 44.916714 44.939198 44.961685 45.029140 45.051624 45.074112 45.096596 45.209023 45.231510 45.253994 45.276478 45.298965 46.939293 46.939293 46.939991 46.943497 47.009808 46.649944 46.381992 46.363491 46.344990 46.925533 46.906898 47.100285 47.245384 47.254066 47.537281 47.548897 47.548897 47.548897 47.548798 47.537109 47.548584 47.558556 47.647072 47.654015 47.660954 47.667896 47.674839 47.853695 47.702602 47.784515 47.865704 48.158497 48.158497 48.159046 48.159595 48.175358 0.000000 0.000000 0.000000 0.000000 0.000000 0.000000 0.000000 0.000000 0.000000 0.000000
46.634495 45.938915 44.871742 44.894230 46.925613 46.920403 46.867081 46.728470 46.640900 45.119083 45.186539 46.729210 46.939293 46.939293 46.939293 46.939293 46.939293 46.939293 46.939293 46.943909 46.912006 46.927319 46.939293 46.366142 46.926525 46.900318 47.097481 47.272285 47.382648 47.547943 47.548897 47.548897 47.548897 47.548897 47.548729 47.560059 47.571384 47.644405 47.781395 47.853695 47.853695 47.681778 47.688721 47.695663 47.853661 47.946888 48.158497 48.158497 0.000000 0.000000 0.000000 0.000000 0.000000 0.000000 0.000000 0.000000 0.000000 0.000000 0.000000 0.000000 0.000000
46.513912 45.896629 44.849258 46.672199 46.716618 46.714993 46.698845 46.657303 46.634495 45.141567 45.164055 46.698425 46.853485 46.939293 46.939293 46.939293 46.939293 46.939293 46.939293 46.939293 46.939293 46.939293 46.939293 46.387291 46.935688 46.898029 47.071560 47.280014 47.419556 47.548897 47.548897 47.548897 47.548897 47.558495 47.779945 47.715828 47.638805 47.642273 47.796066 47.853695 47.853695 47.853695 47.853695 47.853695 47.835049 48.040112 0.000000 0.000000 0.000000 0.000000 0.000000 0.000000 0.000000 0.000000 0.000000 0.000000 0.000000 0.000000 0.000000 0.000000 0.000000
45.680695 45.854340 44.826771 45.973228 46.155582 46.155582 46.199696 46.315220 46.297459 46.474857 46.357925 46.546909 46.717262 46.766899 46.938541 46.939293 46.939293 46.939293 46.939293 46.941803 46.935486 46.923450 46.916634 46.408443 46.886158 46.895741 47.076416 47.262238 47.332619 47.389259 47.389259 47.389259 47.389259 47.396709 47.553703 47.602295 47.580273 47.575157 47.604599 47.641174 47.654709 47.756191 47.819260 47.815369 47.778400 0.000000 0.000000 0.000000 0.000000 0.000000 0.000000 0.000000 0.000000 0.000000 0.000000 0.000000 0.000000 0.000000 0.000000 0.000000 0.000000
44.470097 44.652020 44.804287 44.954132 45.417515 45.417515 45.529613 45.823170 46.026001 46.228832 46.280186 46.331535 46.559628 46.638954 46.937386 46.939293 46.939293 46.939293 46.939293 46.945667 46.929619 46.899033 46.881710 46.429596 46.450748 46.471897 47.099617 47.231487 47.182590 47.143234 47.143234 47.143234 47.042255 47.061287 47.080318 47.099350 47.448639 47.471992 47.296848 47.313652 47.348045 47.605923 47.766186 47.648346 47.713375 0.000000 0.000000 0.000000 0.000000 0.000000 0.000000 0.000000 0.000000 0.000000 0.000000 0.000000 0.000000 0.000000 0.000000 0.000000 0.000000
43.953556 43.966183 43.978809 43.991440 46.339859 46.593822 46.728035 46.641521 46.626938 46.676598 46.677490 46.675892 46.680325 46.718281 46.784016 46.939293 46.939293 46.979530 47.216911 47.346859 46.891548 46.853477 46.807922 46.790321 46.979935 46.493050 47.116882 47.511185 47.242420 47.154297 47.165356 47.189880 47.023228 47.253963 47.506855 47.118382 47.148125 47.511982 47.267105 47.562836 47.559269 47.554085 47.560909 47.583321 47.855694 0.000000 0.000000 0.000000 0.000000 0.000000 0.000000 0.000000 0.000000 0.000000 0.000000 0.000000 0.000000 0.000000 0.000000 0.000000 0.000000
43.940926 46.647366 46.778374 44.004066 46.902336 46.914562 45.940964 46.050613 46.922340 46.865753 46.847038 46.997787 47.122879 47.089581 47.059948 47.193119 47.072407 47.004898 47.191807 47.197216 47.098732 47.168137 47.217625 47.195381 47.215054 46.845352 47.180107 47.412247 47.346359 46.832912 46.851944 46.870975 47.004192 47.244583 47.256882 47.186260 47.177872 47.207615 47.237358 47.548897 47.548897 47.548897 47.567734 47.626953 47.746731 0.000000 0.000000 0.000000 0.000000 0.000000 0.000000 0.000000 0.000000 0.000000 0.000000 0.000000 0.000000 0.000000 0.000000 0.000000 0.000000
45.855301 46.598392 46.737774 44.016693 46.939293 46.939293 45.831318 46.160259 46.940441 46.854446 47.149067 47.188168 47.220528 47.211349 47.202187 47.235115 47.203491 47.186958 47.233139 47.465565 47.346924 47.289223 47.316395 47.659405 47.506126 47.080971 47.297081 47.447083 47.402485 46.813881 47.244095 46.890007 46.985165 46.966133 47.244095 47.230202 47.262798 47.301563 47.361370 47.524921 47.548897 47.548897 47.553699 47.581558 0.000000 0.000000 0.000000 0.000000 0.000000 0.000000 0.000000 0.000000 0.000000 0.000000 0.000000 0.000000 0.000000 0.000000 0.000000 0.000000 0.000000
45.985691 46.153831 46.673382 44.029324 44.041950 44.054577 44.067207 44.079834 46.861385 46.804619 47.099533 47.177292 47.244095 47.244095 47.244095 47.323875 47.186378 47.121849 47.401241 47.450459 47.555099 47.396324 47.318886 47.541264 47.409939 47.094570 47.294621 47.418495 47.320393 46.794849 47.074211 46.909039 46.928070 46.947102 47.244095 47.237148 47.322983 47.426098 47.463196 47.534863 47.548897 47.548897 47.548897 47.569077 0.000000 0.000000 0.000000 0.000000 0.000000 0.000000 0.000000 0.000000 0.000000 0.000000 0.000000 0.000000 0.000000 0.000000 0.000000 0.000000 0.000000
46.490112 46.321972 46.610401 45.428810 46.744034 46.798557 46.851833 44.092461 44.105091 46.744469 46.890995 47.080925 47.244095 47.244095 47.244095 47.438965 47.103123 47.063946 47.624348 47.499680 47.747570 47.503494 47.286568 47.164879 47.139931 47.117249 47.237370 47.358891 47.205944 46.775818 46.829144 46.964783 47.104088 47.244095 47.244095 47.250038 47.436787 47.651127 47.620243 47.560581 47.548897 47.548897 47.548897 47.573166 0.000000 0.000000 0.000000 0.000000 0.000000 0.000000 0.000000 0.000000 0.000000 0.000000 0.000000 0.000000 0.000000 0.000000 0.000000 0.000000 0.000000
46.699436 45.609241 45.573154 45.464897 46.606342 46.599407 46.598854 44.130344 44.117718 46.531071 46.716099 46.882851 47.030575 47.068157 47.037617 47.037441 46.973022 47.024769 47.460392 47.516087 47.532490 47.565254 47.551407 47.356998 47.268166 47.293098 47.225883 47.189995 47.244324 46.756786 46.737759 46.718723 47.461552 47.355461 47.244095 47.314590 47.385086 47.548897 47.548897 47.548897 47.548897 47.548897 47.548897 0.000000 0.000000 0.000000 0.000000 0.000000 0.000000 0.000000 0.000000 0.000000 0.000000 0.000000 0.000000 0.000000 0.000000 0.000000 0.000000 0.000000 0.000000
45.681412 45.645325 45.537067 45.500980 46.634495 46.634495 46.634594 44.142975 44.155602 46.385384 46.786564 46.852432 46.905434 46.872623 46.936218 46.869534 46.921280 47.157001 47.525208 47.548897 47.548897 47.548897 47.548241 47.548218 47.404907 47.312675 47.176399 47.110001 47.245808 47.292377 47.843632 46.699696 47.776230 47.539677 47.205631 47.484241 47.523037 47.548897 47.548897 47.548897 47.548897 47.548897 47.548897 0.000000 0.000000 0.000000 0.000000 0.000000 0.000000 0.000000 0.000000 0.000000 0.000000 0.000000 0.000000 0.000000 0.000000 0.000000 0.000000 0.000000 0.000000
45.717499 45.753586 46.367046 46.330959 46.634495 46.634495 46.630482 46.603970 44.168228 46.239693 46.094006 46.256824 46.393139 46.357838 46.340351 46.621876 47.078533 47.466446 47.544106 47.548897 47.548897 47.548897 47.520950 47.391930 47.278725 47.315098 47.174007 47.105263 47.245453 47.301548 47.594791 46.680664 46.661633 47.458752 46.989384 47.328396 47.460701 47.548897 47.548897 47.548897 47.548897 47.548897 47.548897 0.000000 0.000000 0.000000 0.000000 0.000000 0.000000 0.000000 0.000000 0.000000 0.000000 0.000000 0.000000 0.000000 0.000000 0.000000 0.000000 0.000000 0.000000
46.634968 45.789669 45.825756 46.294872 46.258789 46.613289 46.620781 46.565788 44.180859 46.373066 45.433102 45.509739 45.574154 45.504879 44.565624 44.581219 46.998428 47.404751 47.464584 47.548897 47.550312 47.547699 47.500004 47.273628 47.264435 47.208206 47.088791 47.050449 47.244194 47.242001 47.283978 47.329899 46.642601 46.623569 46.983620 47.406265 47.491848 47.548897 47.548897 47.548897 47.548897 47.548897 47.548897 0.000000 0.000000 0.000000 0.000000 0.000000 0.000000 0.000000 0.000000 0.000000 0.000000 0.000000 0.000000 0.000000 0.000000 0.000000 0.000000 0.000000 0.000000
46.634026 46.634495 45.861843 45.862026 45.862213 46.186615 46.150532 46.523006 44.193485 46.305813 44.789616 44.713394 44.649326 44.534439 44.550034 44.596809 46.858589 47.209316 47.350277 47.548897 47.552231 47.546078 47.481785 47.282822 47.292015 47.062786 46.935852 46.808922 47.242626 47.158401 46.956905 46.995991 46.649147 46.191635 47.054329 47.091404 47.557762 47.548897 47.548897 47.548897 47.548897 47.548897 47.548897 0.000000 0.000000 0.000000 0.000000 0.000000 0.000000 0.000000 0.000000 0.000000 0.000000 0.000000 0.000000 0.000000 0.000000 0.000000 0.000000 0.000000 0.000000
46.161846 46.202652 45.862774 45.862587 45.862400 46.006187 46.114445 46.476051 44.206112 44.218742 45.110489 45.110489 45.110489 44.521812 45.499359 44.612404 46.447903 46.947315 47.221508 47.180195 47.030113 47.307148 47.505566 47.422138 47.298603 47.430382 47.127377 46.681988 45.829544 45.263031 45.033401 45.048996 45.327766 45.759701 47.706367 47.128483 47.387531 47.548897 47.548897 47.548897 47.548897 47.548897 47.548897 0.000000 0.000000 0.000000 0.000000 0.000000 0.000000 0.000000 0.000000 0.000000 0.000000 0.000000 0.000000 0.000000 0.000000 0.000000 0.000000 0.000000 0.000000
46.121040 46.290363 45.862961 46.831753 46.773819 46.042271 46.078358 46.449100 44.243996 44.231369 44.319763 44.332394 45.110489 44.509182 45.302471 44.627995 46.380474 45.684998 45.761501 45.838009 46.746548 46.935780 47.159359 47.513763 47.581787 47.407810 47.166489 46.937038 46.736996 46.238880 45.017811 45.415291 45.458122 45.661507 47.077087 47.165558 47.347885 47.490788 47.548897 47.546448 47.885204 47.678642 0.000000 0.000000 0.000000 0.000000 0.000000 0.000000 0.000000 0.000000 0.000000 0.000000 0.000000 0.000000 0.000000 0.000000 0.000000 0.000000 0.000000 0.000000 0.000000
45.863518 45.863331 45.863144 46.628513 46.833641 46.392979 46.312222 46.532986 44.256626 44.294510 44.307137 44.345020 44.483929 44.496555 45.426952 44.643585 44.659180 44.674774 44.690365 44.705959 44.721550 46.033886 46.724163 47.016071 47.334267 47.369205 47.181625 44.893070 44.908661 44.924255 45.002216 45.934658 46.068470 46.453560 47.040012 47.217876 47.279385 47.379669 47.541553 47.544003 47.608429 47.643536 0.000000 0.000000 0.000000 0.000000 0.000000 0.000000 0.000000 0.000000 0.000000 0.000000 0.000000 0.000000 0.000000 0.000000 0.000000 0.000000 0.000000 0.000000 0.000000
46.109486 46.214241 46.227970 46.653954 46.873459 46.622505 46.231461 45.563808 44.269253 44.281879 44.370277 44.357647 44.471298 45.757656 45.836010 46.383175 46.309433 46.144028 46.067524 46.937313 44.737144 44.783920 44.799515 44.815105 44.830700 44.846291 44.861885 44.877476 47.103382 44.939850 44.986626 46.123463 46.156651 46.657257 47.031464 47.226147 47.268253 47.351364 47.512241 47.638050 47.741848 47.755367 0.000000 0.000000 0.000000 0.000000 0.000000 0.000000 0.000000 0.000000 0.000000 0.000000 0.000000 0.000000 0.000000 0.000000 0.000000 0.000000 0.000000 0.000000 0.000000
