tethysext/atcore/tests/files/grass_grid/provo_corrupt.ele
north: 3394349.779184
south: 3386029.779184
west: 412498.377410
rows: 416
cols: 293
[rows 162 to 188 of 416, columns 61 to 121 of 293]
4.927016 5.397410 5.938295 6.959445 8.303075 9.721841 11.559642 13.903248 16.311964 18.151512 19.814854 20.641342 21.313326 25.355696 27.053062 28.603209 29.624828 30.462729 32.347874 31.892735 31.444979 31.020390 30.643581 30.550566 30.577847 30.622900 30.680164 30.090401 30.411449 29.983372 29.400892 28.473133 27.067841 26.235460 26.962463 27.818029 28.776026 29.136471 27.853413 26.634350 24.197962 21.734610 19.226416 14.908903 12.916302 10.210954 8.581526 9.053851 12.703918 13.993937 18.555904 22.666405 25.380142 25.863558 26.711243 24.854719 22.992153 21.072222 17.925566 15.371545 17.164045
4.958409 4.984220 5.391661 5.388786 6.996689 8.669977 10.740002 13.121183 14.372639 15.975187 17.489891 18.468357 21.970806 24.598604 26.454159 28.159721 29.327148 30.395569 31.778900 31.556906 31.424812 31.554426 31.646980 31.820395 31.950739 32.094307 32.234734 31.657248 32.119823 31.248047 30.419273 29.645292 28.462526 27.750921 28.048372 28.549385 29.339567 29.897842 29.302906 28.029823 25.697268 23.135891 19.461725 14.923987 13.088614 11.725858 10.877723 9.526176 12.870125 14.017260 18.532412 22.746283 26.023464 27.225161 27.493612 26.091299 24.675968 23.181265 20.466547 18.189857 18.693878
6.203903 5.024635 5.059115 5.238361 5.610382 7.531924 9.811590 12.042698 12.200622 13.577814 14.976202 16.223024 23.099575 23.494034 25.674335 27.653299 28.907104 30.287857 30.872341 30.964439 31.219194 31.945995 32.571960 33.095310 33.283993 33.494553 33.719658 33.185699 33.813610 32.409046 31.287371 30.708273 29.821682 29.222363 29.130674 29.287704 29.868313 30.564320 30.705410 29.095028 27.070002 24.558956 19.579065 14.942662 13.148688 13.437012 10.470826 9.998501 13.378170 14.380252 18.708759 22.887447 26.594564 28.589680 28.215225 27.426870 26.534012 25.334442 23.166183 18.816383 20.006714
5.803784 5.705237 5.087800 5.119258 5.429335 5.736423 7.078275 10.601944 10.227580 11.858497 13.520448 15.120031 21.281605 23.033487 24.541437 25.965164 27.089687 28.079117 28.774185 29.253078 29.843817 30.761755 31.803772 32.769169 33.141823 33.390823 33.323231 32.911900 32.548462 31.989700 31.475277 31.081121 31.010122 30.752996 30.741903 30.778824 30.844982 30.688313 29.227501 28.429905 26.285923 23.899721 20.331381 15.947083 15.098693 12.433742 10.943151 13.967425 15.876825 18.267550 21.361202 24.509497 27.815687 29.777084 30.374544 29.748503 29.231581 28.862305 25.879862 19.442909 21.754478
6.099424 5.606690 5.508143 5.138437 5.157592 5.736137 6.581264 6.985827 7.514554 10.216244 13.253844 17.997902 20.064417 22.263620 23.365818 24.434038 25.385948 25.959576 27.290461 27.807863 28.430172 29.360567 30.477097 31.607859 32.050316 32.203949 31.686548 31.625784 31.042023 31.074560 31.101324 31.141293 31.445562 31.586641 31.768740 31.823832 31.607033 31.072899 30.502661 27.185070 25.464163 23.697424 21.763777 19.230808 14.715690 12.488322 11.200953 13.484183 16.121962 20.841408 22.685253 24.600285 26.737457 30.033175 31.621239 31.033278 30.321962 29.141150 23.908710 19.954420 23.885515
7.156596 6.713496 6.270396 6.837682 5.169039 5.193158 6.260274 6.506817 7.010686 10.153420 14.204396 17.067825 19.012663 20.444023 21.527449 22.561487 23.422302 24.058344 24.562248 25.515722 26.598372 28.050821 29.242685 29.515251 29.550037 29.634130 29.845556 30.426216 29.100370 29.639662 30.238138 30.952442 31.639896 32.416306 32.787991 32.915699 32.550167 31.691975 30.932625 27.875549 26.154806 24.515724 23.379860 21.216164 16.278862 13.216728 11.517299 15.046498 17.581364 21.327549 24.317032 27.168470 29.590670 31.056139 32.629856 31.698664 30.434717 28.287523 24.711964 21.533329 25.504816
8.049332 7.591479 6.458807 6.647218 6.340505 5.203918 5.612370 6.002949 8.390874 10.722187 13.052141 15.383375 17.961275 18.978130 19.829947 20.639273 21.296139 21.947166 21.941755 23.393471 24.865448 26.393476 28.050272 27.986414 27.764400 27.576698 27.496113 28.096735 26.160973 27.505356 28.954573 30.542204 31.376358 32.741051 33.371483 33.683147 33.357407 32.418468 31.361950 29.473766 27.771358 25.926434 23.374287 21.444496 16.149786 14.126512 13.269140 16.882414 20.287127 21.021023 24.451399 27.611841 29.941341 31.754883 33.746712 32.904957 31.580864 29.018225 25.355057 23.376932 26.785194
8.618136 9.023640 8.402055 6.721533 6.548796 5.210848 5.252819 6.240399 8.742744 10.280931 11.838144 13.430253 16.413252 17.449446 18.053694 18.628166 19.094894 19.517776 19.761845 21.321718 22.849220 24.277079 25.595032 25.738850 25.548197 25.305391 24.957857 25.036810 23.660643 25.811604 27.940319 29.939184 31.102310 32.249020 33.329361 34.013790 33.917992 33.133091 32.080860 30.874580 29.172770 27.121822 23.261852 20.986713 16.684223 15.796081 15.512249 16.316090 21.347832 22.809465 25.364803 27.908638 30.412960 32.318317 34.350513 33.552536 32.410187 30.382895 27.586250 25.552465 28.194027
9.024570 10.333613 12.054523 6.940717 6.745902 6.455171 5.288335 6.966910 7.735158 9.281034 10.697130 11.399871 14.613041 15.876711 16.234573 16.577555 16.867033 16.938293 17.807764 19.272316 20.687544 21.947742 22.498266 23.104609 23.086630 22.909897 22.356792 21.670906 21.443495 24.385456 27.090708 29.253275 30.851267 31.371546 32.994476 34.140575 34.359726 33.834091 32.949421 32.114491 30.405443 28.169077 23.181343 20.281174 17.638163 17.836628 17.923773 17.119932 21.499752 25.718740 26.754471 28.232798 31.060608 32.827564 34.690304 33.892300 33.030987 31.995008 28.862835 27.874170 29.689123
9.239984 11.355489 8.893631 7.967621 7.464957 6.937269 5.308378 5.337976 6.637027 8.080162 9.375031 9.926371 11.561066 14.216912 13.462211 12.942108 13.254342 13.973994 16.065334 17.335360 18.502956 19.359703 19.319065 20.102377 19.929527 19.692171 19.306038 18.719366 19.361620 22.477406 24.952383 26.220505 28.192789 31.397366 32.576832 33.662983 34.434616 34.217869 33.682407 33.060814 30.487900 27.716343 23.851765 21.535587 19.661325 18.924145 18.361998 18.333214 22.623976 27.607719 29.539783 31.256323 32.318825 35.000809 35.557156 34.773029 33.695877 31.849657 29.851498 30.840162 31.391254
9.609581 10.641477 10.051425 8.830465 8.097500 7.246625 5.426729 5.359592 5.379243 6.697605 7.922594 8.931864 9.785564 11.487122 11.247471 11.325530 12.539027 14.442920 15.558956 16.338957 17.020184 17.407003 17.365732 17.492285 17.175886 16.926386 16.857603 16.877306 17.984959 21.082705 24.083973 26.776314 28.189713 31.165668 32.508862 33.749317 34.684589 34.851822 34.263401 32.908592 30.548372 28.089565 25.103209 22.310366 21.709623 20.277899 19.301508 19.986498 22.854376 28.052160 29.799479 31.325199 32.176693 33.945347 36.363159 35.765781 34.712597 32.557262 31.053150 31.182207 31.990938
11.164340 12.056825 11.900320 10.051807 8.884521 7.733130 6.602639 6.247741 5.405583 5.433116 6.767448 7.887765 8.347846 10.153862 10.493631 11.157997 13.015874 14.061913 14.290710 15.039263 15.503261 15.142524 15.067332 15.389507 14.957716 14.666371 14.756311 15.446350 16.423279 20.169481 23.840660 27.189730 28.783085 31.165085 32.511070 33.750687 34.729599 35.319733 34.849945 32.993511 30.545654 28.166040 26.111452 23.904224 23.764544 21.477440 19.869955 20.801298 23.556890 26.284935 28.362959 30.565628 33.149071 35.644745 39.013065 37.651974 36.109573 34.123371 31.972933 32.055573 33.348095
13.018280 14.324494 14.463144 11.490088 9.708383 8.114229 7.688145 6.974354 6.737123 5.460681 5.479353 6.707678 7.298418 8.182790 9.255721 10.492374 12.352672 12.781914 13.107127 13.873868 14.268476 13.581771 13.011949 13.187525 12.969907 12.904122 13.266973 14.498332 16.838018 21.007263 24.704172 27.358877 29.060638 31.284986 32.458073 33.526184 34.384727 35.158985 35.049076 33.849869 31.581131 29.281624 26.740206 25.417492 25.817650 23.062542 21.156956 22.487411 24.015644 25.377996 27.916437 30.596809 33.716541 38.202682 41.063305 39.313873 37.538288 35.687698 33.093987 33.592213 34.809864
14.967830 16.901234 17.296396 13.009339 10.543611 8.447946 8.695599 8.215464 7.735052 7.009304 5.525190 5.562788 5.647538 6.487937 7.782861 9.581647 11.181792 11.138318 11.971519 12.767454 13.148484 12.316896 11.060593 10.931724 11.064053 11.334924 12.020589 13.735705 18.070642 22.555676 26.007032 27.419924 29.186798 31.449223 32.379459 33.208969 33.883358 34.741898 35.088768 35.023636 33.048195 30.831903 27.214958 26.878017 27.868603 24.810543 22.749687 24.549110 24.364929 24.884254 27.925995 30.981716 34.095268 41.061012 42.822582 40.861336 38.969929 37.230103 34.325684 35.399284 36.300991
15.657502 17.157801 15.505583 13.340531 11.422367 9.637938 8.654644 7.780151 7.529896 6.871032 6.416486 5.600429 5.617207 6.577673 7.144175 7.844622 9.033001 9.918947 11.864395 12.238785 12.374561 11.804242 10.242993 10.322904 10.440282 10.724203 11.523232 14.253371 17.291664 21.467379 24.872765 26.717564 28.482145 29.841221 31.177469 32.239799 32.737129 32.515919 32.665371 34.597221 33.093166 31.520800 29.490658 29.486464 29.328493 27.299562 25.523226 24.606415 27.360937 27.844765 29.954607 32.507088 36.415855 41.140240 41.813278 41.222576 40.322227 38.651386 36.830292 36.618698 37.651714
16.707775 17.899660 15.453732 13.077448 11.707033 10.442572 9.876200 8.603067 8.130904 7.557753 7.010272 6.692518 5.665931 5.696581 7.082488 7.733619 8.193818 9.030854 10.985349 11.184697 11.220455 10.772700 9.709119 9.401746 9.844564 10.409076 11.336400 13.324678 16.342215 19.840250 23.222857 26.188944 27.281597 29.067186 29.795120 30.407150 30.688053 29.963106 29.718359 33.099281 33.235306 33.243622 32.634151 31.765858 32.374592 30.111195 27.902309 25.524590 26.442762 29.549770 31.503931 33.567795 35.978752 41.165665 42.006519 42.318169 41.981377 40.043999 38.345634 39.383015 39.635975
18.917225 19.092100 16.604321 16.216972 14.455278 12.844083 12.208750 11.121687 9.113123 8.496087 7.871374 7.212999 6.179460 5.724790 5.754596 7.402089 8.216620 8.394068 9.856480 10.083426 10.132199 9.661544 9.083513 8.894078 9.297778 9.854570 10.826671 12.389764 15.627422 18.558928 21.447561 24.105181 25.314032 26.989037 27.528625 27.855433 27.893288 28.341444 28.958471 32.740295 33.474255 34.123272 34.401623 33.802414 34.650597 33.476685 32.046089 29.598166 27.575705 28.417864 31.034418 33.518257 35.605923 40.299515 41.066338 41.760193 42.072311 41.424046 40.577568 40.865788 41.186905
20.660551 20.639824 19.497793 18.426683 16.932758 15.530631 14.751089 13.570591 10.915401 9.726874 8.656137 8.143917 7.113325 7.293409 5.781446 5.807788 7.420349 7.974646 8.775256 9.074881 9.174096 8.694243 8.442816 8.653668 9.291510 10.039246 11.061969 12.021604 14.538472 17.310987 19.671766 21.225420 23.096918 24.333212 24.442833 24.781633 25.681303 27.751865 29.409088 32.536945 33.464626 34.356697 35.117382 35.077106 36.210880 35.757969 35.065563 33.438545 32.591816 29.301273 31.173788 33.008781 34.735172 37.953091 39.148163 40.576851 41.827469 42.592129 42.474941 42.749733 42.846230
22.246735 22.303473 22.962132 20.320154 19.313889 18.306419 17.358734 15.991006 12.986670 11.052980 9.414630 9.154427 8.651853 7.915673 7.001434 5.835114 5.861932 7.625873 7.710742 8.097241 8.258858 7.774768 7.797057 8.500009 9.463055 10.468009 11.543563 11.840903 13.325913 16.073788 17.896910 18.087934 20.800262 21.490700 21.089880 21.538467 23.664326 27.500271 30.252970 32.382378 33.372955 34.379169 35.489716 36.101318 37.536724 37.679821 37.709064 37.292557 38.525681 30.857742 31.519880 32.351063 33.701263 35.121838 36.910778 39.192101 41.476475 43.690411 44.260181 44.769035 44.542259
24.464455 26.766438 25.005806 25.739075 22.968319 20.532722 20.220793 19.635138 17.859362 14.813493 11.889235 9.403431 9.073458 8.359774 7.847408 7.438635 5.888782 5.908904 7.962811 7.665958 7.452542 7.492309 8.115481 9.297075 9.885817 11.005966 13.276419 13.175480 13.591683 15.209663 16.532520 17.210737 17.326075 17.360205 19.081375 21.926367 26.439142 29.526953 31.021879 32.438068 33.578342 34.574280 34.826775 35.557503 36.533371 37.179726 37.780014 38.263977 36.863209 35.390965 34.280350 33.589951 34.191471 35.097477 39.318363 40.230190 41.796585 44.878666 45.128727 45.518047 45.681931
25.934042 27.452009 28.079456 28.807577 25.896536 23.137201 21.141672 21.462044 20.726976 17.861486 14.841548 10.965158 9.231555 9.087884 8.668873 8.213534 7.634246 5.951595 5.978955 7.358873 7.216315 7.627361 8.120988 8.126495 8.849834 10.202099 11.866495 13.963754 14.814569 14.289906 14.207831 15.049710 16.068464 18.132721 21.145594 24.442272 28.041061 30.626282 31.346346 32.201996 33.139637 34.051682 34.854153 35.325191 36.270519 36.914124 37.572269 38.289509 39.331913 38.344894 37.334953 36.414562 35.779636 36.854393 39.065247 41.538155 43.767391 45.355816 46.559601 46.189144 46.520226
27.224274 29.805298 30.034395 29.724642 27.929316 26.188431 24.859409 22.260736 22.374775 19.645819 16.725290 12.810596 10.345810 9.912951 9.457378 8.915088 8.049088 7.555243 6.009398 6.047667 6.059728 6.071606 8.229616 8.132002 8.341604 8.940596 10.492149 12.650645 12.912261 13.049662 13.671606 15.338818 17.646828 20.386625 23.546926 26.620626 29.350540 30.836767 31.714197 32.142757 32.982273 33.828671 34.736900 35.088486 36.263187 36.733139 37.234627 37.855316 38.602856 39.082905 39.127312 39.033581 38.525852 39.554089 40.826954 43.074055 45.015572 46.167461 46.940548 47.320904 47.374367
28.297714 31.059427 31.673756 31.281626 30.075668 28.785133 27.040356 24.191313 23.454142 21.092222 18.426268 14.234670 11.835257 10.888474 10.226687 9.557254 8.854409 8.331897 8.285134 7.861583 7.414017 6.083443 6.110541 8.188715 8.330884 8.636013 9.350117 10.446178 10.761271 12.138228 13.911424 16.479530 18.964584 22.098131 24.976536 27.615726 29.693916 30.767916 31.438021 32.964092 33.224892 33.567570 34.317387 34.961826 35.915054 36.428280 36.974010 37.643623 38.314827 39.030434 39.691811 40.270031 40.596424 41.337009 42.629128 44.111633 45.425831 46.298027 46.800468 47.213089 47.185101
29.313164 32.041782 33.223709 32.981285 32.242699 31.269884 28.849312 26.399673 24.375566 22.441427 20.073191 15.555468 13.427755 11.903726 10.991291 10.184011 9.761014 8.999344 8.835058 8.821095 8.183869 6.573918 6.125821 6.151254 8.449380 8.569639 8.692881 9.569529 10.165400 11.308197 14.363698 17.858355 20.243853 23.692265 26.169151 28.311674 29.788595 30.619606 30.996687 34.011681 33.571198 33.298107 33.819969 34.862846 35.481930 36.091389 36.729794 37.481194 38.114586 38.755470 39.933475 41.155403 42.507389 42.898895 44.457172 45.025848 45.619091 46.256107 46.518497 46.791428 46.728291
30.667749 32.657139 35.262489 34.656498 33.257088 31.748774 29.427315 29.202183 26.503229 24.945837 22.955477 18.874685 16.235643 14.639278 12.713811 11.150744 10.886245 11.108118 11.087755 10.909187 10.427654 9.048316 6.800000 6.176702 6.214329 8.300346 8.816122 10.875752 13.613280 14.222497 15.575008 18.383274 20.774977 23.811533 25.965349 27.864067 29.247837 30.111788 30.794254 30.609047 31.683863 32.657913 33.097404 34.226063 34.778744 35.760857 36.701462 37.482109 38.294861 39.061432 40.154850 41.242767 42.314724 43.630390 44.788773 45.012119 45.135567 45.008129 44.841599 44.851685 45.199131
32.440731 33.998055 35.934181 36.598179 34.531666 32.567726 31.248711 29.885180 28.234388 26.149416 23.868011 20.652185 17.254278 17.368664 15.999955 14.874564 14.611847 15.376699 14.617364 13.520366 12.401253 11.193881 8.031740 7.000000 6.242964 7.910388 8.888408 9.623243 10.157785 12.554711 14.809351 16.809351 19.044621 22.217670 24.022354 25.602713 26.829838 28.279982 29.420885 30.000238 30.939516 31.848581 32.599129 33.465420 34.545902 35.431782 36.362400 37.471325 38.338764 39.168854 40.204407 41.255959 42.357250 43.726154 44.821308 44.485268 44.080219 43.512238 43.077625 43.065437 43.591885
33.738037 35.164055 36.754826 37.144547 35.217926 33.428467 32.509502 31.523062 29.443048 27.852745 26.186871 24.182878 21.567665 21.027849 20.001350 18.996922 18.058407 17.531244 19.577711 16.649559 14.037373 12.325135 8.679670 8.010565 6.278450 6.305269 8.063901 8.475623 9.527571 11.145033 12.955185 15.157563 17.530735 19.471470 19.664328 20.053228 21.121218 24.604563 27.576492 28.093689 29.323835 30.548098 31.768381 32.597408 33.371910 34.494961 35.597733 36.615051 37.937363 39.005367 40.097908 41.163116 42.145672 43.527771 44.704990 43.136429 41.574608 40.062565 38.850777 39.803177 41.868557
