tethysext/atcore/tests/files/grass_grid/provo_corrupt.ele
north: 3394349.779184
south: 3386029.779184
west: 412498.377410
rows: 416
cols: 293
[rows 216 to 242 of 416, columns 183 to 243 of 293]
49.842796 50.022789 50.395729 50.779442 51.128590 51.203651 51.275299 51.458557 52.799046 53.254131 53.086094 53.450306 53.787167 53.953056 54.190128 54.398731 54.417782 54.402412 54.225521 54.030064 54.234013 54.398304 54.210709 52.749565 51.202351 52.360729 53.434135 54.159939 53.885483 54.115211 54.283157 54.386047 54.441467 54.391499 54.487614 54.530426 54.646244 54.581890 54.356918 54.381668 54.830769 55.441078 55.803410 55.792313 56.082260 56.449776 56.418194 56.548378 56.681145 56.844906 56.049828 56.183464 56.232597 56.800411 56.689995 56.688007 56.742374 56.430702 56.126793 55.852928 56.669579
50.905327 51.090153 51.235584 51.334347 51.498848 51.796719 52.124870 52.494209 52.713760 52.930485 53.243614 53.474388 53.728062 54.029026 54.104992 54.225845 54.434532 54.624035 54.723083 54.968616 54.744766 54.632679 54.397808 53.737850 51.729645 52.896965 53.712200 54.327415 54.366329 54.626575 55.234779 55.031948 54.930481 55.048492 54.685852 54.648472 55.298859 55.448105 54.708897 55.081154 55.494183 55.671299 55.931915 56.308811 56.539650 56.550922 56.862514 56.806850 56.751362 56.692913 56.151531 56.603210 56.696606 56.693970 56.691982 57.121235 57.084908 57.174725 57.263283 57.346653 57.143459
51.060822 51.315838 51.551567 51.523270 51.748520 52.010914 52.280735 52.566559 52.871792 53.174622 53.360123 53.563961 53.769444 53.985447 54.180962 54.592220 54.580788 54.570923 54.570877 54.500881 54.671593 54.446926 54.228249 54.048023 52.739334 52.845486 53.866016 54.658871 54.788494 54.707382 54.735516 55.012211 55.187645 55.121162 55.023872 55.243511 55.141857 55.052734 55.016407 55.258038 55.427528 55.647781 55.860489 56.071964 56.381184 56.440189 56.619343 56.784599 56.899952 56.761013 56.253239 56.558357 56.802505 57.000423 57.024231 57.072735 57.078819 57.110775 57.280441 57.234779 57.189121
51.209694 51.481113 51.594013 51.743366 51.986687 52.234337 52.495499 52.778137 53.013664 53.402016 53.396065 53.605476 53.832561 54.186836 54.278053 54.678165 54.761898 54.797348 54.629646 54.066948 53.802765 53.751865 53.673157 53.499775 52.877136 52.947205 54.029247 54.842651 54.879482 55.113976 55.085838 55.231350 55.323837 55.297249 55.058586 55.386044 55.172569 55.068420 55.186665 55.333717 55.560440 55.728867 55.907734 56.111237 56.400852 56.420521 56.468903 56.857685 57.196384 57.305767 56.354946 56.456650 57.110165 57.177322 57.112663 57.270012 57.258335 57.281109 57.297768 57.295811 57.298397
51.396080 51.625404 51.760929 51.929989 52.214119 52.491859 52.753143 52.982777 53.204857 53.580952 53.456188 53.746609 54.079132 54.272350 54.416798 54.723362 54.905350 54.977909 54.562466 53.755520 53.714478 53.607704 53.477360 53.258945 53.087795 53.196018 54.047096 54.763130 55.086151 55.381393 55.369556 55.409554 55.448555 55.489777 55.093300 55.128014 55.254860 55.148560 55.228695 55.516384 55.949299 55.952644 55.993290 56.119392 56.408020 56.523453 56.690788 57.010483 57.311176 57.536674 57.488007 57.444134 57.469738 57.485733 57.465736 57.446716 57.302513 57.302513 57.302513 57.302513 57.302513
51.391296 51.738548 51.978664 52.123833 52.329319 52.679691 52.976429 53.165115 53.278950 53.774117 53.516308 53.888195 54.223515 54.330177 54.473263 54.801342 54.909515 54.934956 54.597775 53.837246 53.681961 53.613567 53.507813 53.259228 53.370529 53.463657 54.147320 54.773140 55.227081 55.473709 55.405727 55.371014 55.336300 55.232159 55.197441 55.162727 55.427742 55.209641 55.270725 55.666523 56.100761 56.065826 56.064945 56.162231 56.530186 56.956772 57.035461 57.200363 57.370037 57.574841 57.607315 57.607315 57.607315 57.596024 57.544056 57.421116 57.224899 57.249401 57.271137 57.284225 57.262432
51.271435 51.836578 52.217983 52.325142 52.379498 52.823586 53.175732 53.334763 53.279530 53.979549 53.723114 54.021580 54.291084 54.379784 54.419636 54.904247 54.835072 54.763248 54.705101 54.143040 53.659164 53.636364 53.644802 53.383106 53.695705 53.729439 54.310322 54.861774 55.322376 55.473709 55.440441 55.512024 55.301586 55.266872 55.550694 56.012539 55.649395 55.511986 55.798622 55.789257 56.088696 56.100880 56.124908 56.227779 56.710880 57.494759 57.419991 57.404934 57.410980 57.523209 57.607315 57.607315 57.607315 57.578075 57.437920 57.282398 57.101501 57.164955 57.221249 57.255146 57.198708
51.150185 51.679539 52.155674 52.771370 52.719635 53.110790 53.377190 53.424732 53.651466 53.955841 53.960960 53.963448 54.026714 54.499340 54.459488 54.864109 54.864109 54.865223 54.898029 54.411549 54.208683 53.892334 53.651440 53.678894 53.700264 54.406250 54.801685 55.178677 55.496704 55.460854 55.446354 55.658131 55.864750 56.031994 55.622711 56.105579 55.894325 55.858917 56.155594 56.260082 56.458138 56.371021 56.346485 56.469593 56.879047 57.304661 57.203461 57.371452 57.525116 57.615120 57.632828 57.517105 57.496010 57.440186 57.258640 56.746941 56.877995 56.929829 56.975937 57.004272 57.001389
50.780415 51.518642 52.199509 52.625870 52.917477 53.165123 53.351566 53.440884 53.721596 53.925121 53.943043 54.068439 54.260090 54.437191 54.525211 54.599388 54.744789 54.863918 54.864704 54.908604 54.692303 54.291431 54.010033 54.149384 54.789204 54.584530 55.013191 55.361252 55.474770 55.526615 55.695427 55.744152 55.782005 55.802010 56.023441 55.818890 55.759815 55.842663 56.181114 56.267990 56.119175 56.166473 56.168800 56.138233 56.416843 56.455204 56.450558 56.440601 56.476700 56.723824 57.309357 57.390190 57.377129 57.247475 56.657940 56.585873 56.756599 56.801044 56.846859 56.897064 56.998508
50.781982 51.524750 52.162758 52.669205 52.988701 53.099773 53.224518 53.395405 53.770729 53.907204 54.006508 54.139904 54.285645 54.514912 54.730015 54.603619 54.681770 54.864109 54.865341 54.858906 54.758369 54.756493 54.767056 54.818729 55.050350 55.196518 55.337265 55.448494 55.476906 55.713383 55.761608 55.771519 55.796104 55.860115 56.088226 54.681980 54.639229 54.339966 54.297211 54.254459 55.824390 56.000530 56.102818 56.108616 56.328259 56.251110 56.278576 56.228146 56.234955 56.498169 57.297871 57.332462 57.311752 57.152702 56.441734 56.513802 56.705975 56.718914 56.764305 56.908138 57.006981
50.698265 51.459591 52.155293 52.604916 52.801399 52.965137 53.146633 53.365265 53.610989 53.925728 53.838493 54.145271 54.426102 54.551250 54.714970 54.607853 54.606400 54.714455 54.807114 54.844418 54.762100 54.953308 55.104668 55.112141 55.135250 55.267315 55.385685 55.473709 55.476288 55.655838 55.766338 55.779839 55.900749 56.246670 56.107224 54.724731 54.596474 54.382717 54.425468 54.211708 54.168957 55.936668 56.048729 55.983658 56.114208 56.137112 56.153812 56.126240 56.126301 56.240559 56.783081 56.878044 56.888561 56.793621 56.274349 56.588364 56.646053 56.673382 56.730846 56.879635 56.984722
50.557358 51.352528 52.165668 52.482803 52.494949 52.803650 53.098721 53.346035 53.352100 53.968124 53.717907 54.119461 54.629536 54.561974 54.585705 54.609306 54.523144 54.492188 54.719982 54.871197 54.787910 55.015549 55.218250 55.212513 55.167183 55.150692 55.296257 55.473709 55.474281 55.473648 55.748260 55.781811 56.046818 56.782986 56.117382 54.767483 54.553722 54.510971 54.468220 54.083450 54.126205 55.923042 55.997364 55.801563 55.825733 56.041992 56.029167 56.050343 55.973919 55.992771 56.011623 56.228313 56.289497 56.302261 56.244408 56.509872 56.577869 56.643036 56.718662 56.825912 56.946732
50.277317 51.069279 51.745258 52.367035 52.632107 52.717739 52.888283 53.198376 53.288509 53.476738 53.597324 54.053123 54.211811 54.203876 54.599918 54.321190 54.258148 54.239555 54.416481 54.815483 54.813721 54.897999 54.993889 55.133923 55.171371 55.134205 55.223835 55.354504 55.473480 55.407719 55.703594 55.745686 55.826241 55.982063 55.892086 55.202374 55.574238 55.818523 55.807873 54.040699 55.618477 55.903980 55.987553 55.773354 55.843807 55.960217 55.954945 55.944366 55.955067 56.074581 56.098507 56.243683 56.289364 56.341198 56.214466 56.184528 56.294117 56.491257 56.647522 56.678982 56.684696
49.950760 50.681351 51.351681 51.989880 52.243488 52.539036 52.778687 52.933620 53.044270 53.260502 53.773544 53.673973 53.559658 53.340626 53.428543 52.475567 52.819885 53.227657 53.972019 53.758308 54.341713 54.533756 54.686710 54.691944 55.113377 55.097034 55.239857 55.311657 55.268974 55.386395 55.458782 55.510170 55.566273 55.627831 55.701176 54.371960 55.329323 55.898746 55.698544 53.997948 53.955196 53.912445 55.546238 55.702751 56.027134 55.902164 55.795006 55.773552 55.812801 55.816452 56.075020 56.093136 56.089397 56.086765 56.095665 55.729435 56.039860 56.258362 56.444000 56.528854 56.531475
49.720127 50.437294 51.044399 51.553341 51.877972 52.018257 52.169277 52.368271 52.828033 53.489925 52.922470 52.018841 51.156433 50.487965 50.312202 50.634136 51.126122 51.656742 52.385426 52.619907 53.764683 53.834583 53.988316 54.447174 54.746193 54.891766 55.064484 55.193233 55.226292 55.183609 55.416328 55.444103 55.457043 55.406689 54.840698 54.296349 54.914146 55.571568 55.524284 55.487621 53.826942 53.869694 55.557106 55.773796 55.972584 55.806072 55.816460 55.752098 55.710964 55.777431 56.060425 55.699562 55.625076 55.500809 55.177273 55.090515 55.472439 55.803768 56.090603 56.240131 56.162773
49.143452 49.798435 50.313770 50.590027 51.054699 51.238865 51.454647 51.748283 52.228561 53.085732 51.552383 49.875957 48.341301 47.566372 47.762150 49.287407 49.205845 49.334427 50.418583 51.754967 52.532845 53.040058 53.542046 54.028889 54.378613 54.618996 54.804070 54.953487 55.000038 55.075283 55.207298 55.252876 55.278839 55.213978 54.145130 54.220741 55.099648 55.391941 55.325211 55.415264 53.784187 55.473709 55.512157 55.627892 55.852631 55.778511 55.875706 55.710865 55.582783 55.638023 55.802265 55.116802 54.830231 54.532833 54.224079 52.551468 52.831459 52.884357 52.926361 52.934620 52.873871
48.429176 49.002148 49.415348 49.421280 50.052071 50.364040 50.707397 51.112625 51.599804 52.427692 49.992287 47.564919 45.396626 44.654991 45.472958 48.140141 47.204597 46.755020 48.323139 51.002060 51.046761 52.214882 53.202496 53.540039 54.016605 54.323322 54.513348 54.667248 54.719273 55.007130 54.929726 55.009995 55.071239 55.029957 53.908710 55.799232 55.525826 55.278000 55.118290 55.333820 53.741436 55.473709 55.438396 55.394093 55.710438 55.778511 55.937531 55.667835 55.443668 55.455967 55.447685 54.463848 53.910122 53.420868 53.269180 49.563389 49.380394 48.999538 48.092426 48.266129 48.439831
48.064892 48.231037 48.328537 48.642365 48.489323 49.094036 49.579586 49.858448 50.348225 51.478909 49.688572 47.879173 46.121925 44.543568 44.212757 45.003780 45.855873 46.305447 48.303722 49.748798 50.726387 51.581738 52.387779 53.015099 53.808422 54.373081 54.351696 54.370316 54.504761 54.623520 54.826183 54.812782 54.809250 54.785641 53.672291 53.399422 53.442173 55.078476 55.079144 55.132137 53.698685 55.098419 55.109909 55.138969 55.349396 55.778511 55.989632 55.631573 55.229328 54.653923 53.269436 52.205219 52.157677 51.971920 51.275963 49.746387 49.943882 50.068836 47.918728 50.082794 50.059872
47.253128 47.129631 47.112270 47.288403 47.520710 47.917999 48.339565 48.806427 49.278362 50.035988 50.006508 48.051640 46.180031 44.802628 42.946030 43.246197 44.424454 45.680073 47.338245 47.997925 50.394737 49.720539 49.395229 50.292679 52.940228 53.962532 54.059082 54.156387 54.258163 54.554176 54.552853 54.566265 54.566982 54.472752 53.471729 53.356670 53.484924 53.527676 53.570431 53.613182 53.655933 55.014454 55.168911 55.168888 55.089973 55.476486 55.541683 55.275234 54.876770 53.886742 51.900753 50.169395 49.980022 49.688648 48.977013 49.381557 49.645752 49.679913 47.745026 47.571323 47.397621
46.306221 45.837303 45.782196 46.024178 46.370975 46.777157 47.207569 47.672588 48.033737 48.837715 48.343044 47.017551 45.664700 44.126244 42.221947 41.926781 43.404964 44.883282 46.434155 46.693443 47.109211 47.570553 48.149490 49.143520 50.302349 52.825268 53.490139 53.994232 54.035023 54.297714 54.343925 54.448586 54.158726 53.003902 53.271164 53.313915 56.145485 55.578339 54.856831 54.758541 54.735340 55.001640 55.149624 55.111397 55.011055 54.932140 55.443810 54.929363 54.262756 52.868862 51.236195 49.230911 48.284760 47.478584 47.182446 47.543507 48.275101 48.386631 48.548233 48.858204 48.693256
44.795933 44.172825 44.030556 44.311443 44.741962 44.928104 45.262886 45.912422 46.914158 47.409454 47.605759 46.216423 44.668835 42.070572 39.517628 40.132725 41.796326 43.443386 45.115414 44.968967 44.732288 45.588364 46.561905 47.954529 49.154530 52.933617 53.448597 53.854733 53.947723 54.247658 54.269783 54.318428 53.923805 52.602554 53.538429 55.369839 55.398720 55.218723 54.669113 54.641796 53.928047 54.177330 54.472805 54.812870 54.729988 54.831066 55.240566 54.340611 53.331787 51.801750 49.978828 48.831795 47.397446 46.117771 45.376163 46.353931 46.724186 47.099663 47.557056 48.257507 48.215168
43.109631 42.392036 42.147209 42.458626 42.963226 42.857864 43.064396 43.956615 45.833584 45.909397 47.157242 45.487747 43.522751 39.583912 39.139004 39.340736 40.003796 41.802704 43.667168 43.113400 42.638329 43.658436 44.867920 46.753426 48.471565 53.430782 53.571701 53.722328 53.902863 54.262024 54.237755 54.184402 53.742973 52.534283 53.698574 53.858719 54.018864 54.523914 54.425217 54.524197 52.879063 53.099586 53.590614 54.439049 54.628914 55.098186 55.004490 53.675980 52.301735 50.719181 48.536518 48.601440 46.762585 45.022175 43.566330 45.366497 45.116688 45.814411 46.613308 47.711971 47.839123
41.682865 40.773636 40.304379 42.047047 42.753510 41.365582 40.745522 41.612408 42.552120 44.684029 45.457298 42.733669 40.206017 38.779789 38.959396 39.542469 40.125542 41.045395 39.695431 40.722073 41.738331 44.331345 46.641331 47.945778 48.494087 50.699566 51.995831 53.105827 53.666534 53.631012 53.926250 53.899006 53.488911 52.309589 53.904598 54.213448 53.768951 53.131958 52.156742 51.816734 49.363380 49.469406 50.192501 51.937447 53.687195 54.244980 54.564587 53.117432 51.589176 49.647987 47.898193 46.152187 45.190197 43.985191 41.756466 42.909393 43.024849 44.726585 46.106052 46.498734 46.378708
39.164703 38.507748 39.779369 40.722118 41.528645 39.584145 38.989750 40.786110 40.899487 40.243237 41.952759 40.601871 38.775295 36.919899 39.268002 40.384987 40.474396 40.159645 37.791393 38.538055 41.611954 43.511169 45.339123 46.916367 48.031193 50.710239 52.034416 53.068272 53.260231 53.540848 53.420662 53.219482 52.623302 52.079159 53.740318 53.723953 53.308475 52.227036 50.011051 49.771637 49.079414 48.502350 48.509556 49.520176 50.608486 52.452324 53.281944 52.322941 51.312393 50.046810 48.948746 48.006393 45.246887 42.724987 41.032272 41.173809 44.921761 45.240677 45.509731 45.622326 45.168316
37.257248 36.523510 38.273258 40.048588 41.605495 38.427254 36.880211 38.368622 39.257645 38.693108 37.586376 35.219421 33.209106 35.064503 35.169487 36.946297 36.998421 37.047714 37.419552 37.795670 40.094822 41.952713 43.762287 45.382835 47.748112 50.361057 51.702423 52.747429 52.931168 53.074650 53.218288 52.278812 51.618294 51.848724 52.624786 53.382248 52.741394 51.573284 49.445801 48.120075 47.876343 47.219051 47.033936 47.734447 48.995213 50.870457 51.659077 51.259964 50.821747 50.204899 49.479790 49.292667 46.654781 43.736073 39.576641 40.979492 43.380669 44.088535 44.719894 45.112175 45.050232
35.377880 35.263958 37.265766 38.578930 40.645996 37.395779 35.385464 35.682034 35.487713 34.160107 32.399040 32.484619 32.906693 35.475231 37.195095 39.070583 38.420193 38.179653 39.810604 41.729050 42.591095 43.667828 44.644779 45.227390 47.488178 49.924358 51.328827 52.419220 52.592274 52.477051 51.572041 51.372360 51.190826 51.081219 51.445286 52.398628 51.833122 50.772369 48.754745 46.835346 46.938114 46.148869 45.998337 46.994598 48.472092 49.911655 50.601742 50.265923 49.893124 49.349831 48.673458 48.714806 46.502670 43.810307 39.124905 39.510098 42.696026 43.555733 44.174088 44.052998 43.739857
33.509308 34.180016 36.370888 36.923882 39.450039 36.400707 34.035889 32.917450 31.208807 31.642422 30.342049 30.351717 33.828064 38.299641 40.637856 42.482525 40.980484 40.308067 43.471779 46.800419 46.039505 46.160080 46.110718 45.394447 47.235111 49.466652 50.943756 52.087250 52.251282 51.844723 49.581512 50.470383 50.899151 50.268066 50.240318 51.261448 50.842209 49.939297 48.048588 45.642284 46.059425 45.130695 45.072533 46.511013 48.220615 49.101711 49.674595 49.285183 48.858345 48.252327 47.545055 47.691486 45.992962 43.682693 38.909161 37.751007 42.190117 43.158184 43.685017 42.866028 42.154209
